  lam_obs  lam_ritz rel_flux 
231.77460 231.77460    191.0 
275.48640 275.48671      2.0 
284.41290 284.41286      4.0 
284.78160 284.78192      3.0 
289.16123 289.16122    234.0 
293.25905 293.25901      6.0 
294.28932 294.28931   1047.0 
297.90502 297.90501    263.0 
303.35082 303.35081     78.0 
313.90174 313.90172     79.0 
316.96682 316.96680     78.0 
318.10374 318.10371     45.0 
321.25178 321.25181      7.0 
322.16250 322.16249      7.0 
322.59730 322.59742      6.0 
324.36881 324.36881     95.0 
324.97996 324.97998     95.0 
325.39180 325.39184      3.0 
326.35702 326.35706     21.0 
328.17012 328.17009     43.0 
343.04148 343.04151     26.0 
345.40949 345.40950     76.0 
347.67471 347.67471    427.0 
349.12437 349.12437    389.0 
349.15356 349.15356   1000.0 
349.94759 349.94759      8.0 
350.97779 350.97779    447.0 
351.43874 351.43873    490.0 
351.99933 351.99933    191.0 
352.12600 352.12599    100.0 
353.53194 353.53193    170.0 
354.85141 354.85140    195.0 
355.00297 355.00289     10.0 
355.69038 355.69038     49.0 
355.95079 355.95078   1445.0 
356.50296 356.50294    162.0 
357.66153 357.66154  12303.0 
358.16077 358.16080     68.0 
358.23544 358.23543    155.0 
358.84403 358.84402  12303.0 
360.15089 360.15088     15.0 
360.58788 360.58789     24.0 
361.18130 361.18131     14.0 
363.48119 363.48122      9.0 
365.60495 365.60494     27.0 
368.25439 368.25445      9.0 
370.69302 370.69297      7.0 
370.99085 370.99084     11.0 
371.71721 371.71710      6.0 
372.93082 372.93081    234.0 
373.54880 373.54876      4.0 
374.69130 374.69130      7.0 
376.35041 376.35050     17.0 
376.61182 376.61184     91.0 
378.08394 378.08395     81.0 
378.63819 378.63820     20.0 
379.93811 379.93819     12.0 
380.85745 380.85744     14.0 
382.68067 382.68069     30.0 
384.15186 384.15184     18.0 
384.47306 384.47308      5.0 
384.54049 384.54051     32.0 
385.05808 385.05808    263.0 
386.85281 386.85282    166.0 
387.21361 387.21370     11.0 
387.52641 387.52641     78.0 
388.03323 388.03329     15.0 
389.14011 389.14012     14.0 
389.19787 389.19787     50.0 
390.06251 390.06264      8.0 
391.15759 391.15759      6.0 
391.47674 391.47670     25.0 
391.77669 391.77669      5.0 
392.23590 392.23580      2.0 
392.86227 392.86228    191.0 
393.12353 393.12355     17.0 
393.25463 393.25464     91.0 
394.42712 394.42712     49.0 
394.75050 394.75050      7.0 
394.89790 394.89790     35.0 
395.27280 395.27288     16.0 
395.83790 395.83799      7.0 
396.83589 396.83589     59.0 
397.93554 397.93554     87.0 
398.81573 398.81572     12.0 
399.20531 399.20530     21.0 
400.11378 400.11376      3.0 
401.38561 401.38561    145.0 
403.13769 403.13780      6.0 
403.54595 403.54597     50.0 
403.88039 403.88038     18.0 
404.21900 404.21810      3.0 
404.28934 404.28934    288.0 
404.44180 404.44180     50.0 
404.56769 404.56761      8.0 
406.51114 406.51111      3.0 
407.20043 407.20043    708.0 
407.95734 407.95734    100.0 
408.23868 408.23868     76.0 
412.86399 412.86399     18.0 
413.17232 413.17233    891.0 
415.85900 415.85910    400.0 
416.41800 416.41800     50.0 
417.83650 417.83653     13.0 
418.18840 418.18840     50.0 
419.07130 419.07130    100.0 
419.10290 419.10290     50.0 
419.83170 419.83170    200.0 
420.06740 420.06750    400.0 
420.19713 420.19712     59.0 
422.81577 422.81577    331.0 
423.72195 423.72196    269.0 
424.36400 424.36442      2.0 
425.11850 425.11850     25.0 
425.93620 425.93620    200.0 
426.62860 426.62870    100.0 
426.65265 426.65266    288.0 
427.21690 427.21690    150.0 
427.75279 427.75279   1995.0 
428.28971 428.28972     68.0 
430.01010 430.01010    100.0 
430.06493 430.06493     85.0 
433.11992 433.11991    603.0 
433.20295 433.20295    162.0 
433.35610 433.35610    100.0 
433.53380 433.53380     50.0 
434.51680 434.51680     25.0 
434.80635 434.80635   1995.0 
435.22047 435.22047    200.0 
436.20660 436.20660     78.0 
437.07529 437.07529    617.0 
437.13285 437.13285    355.0 
437.59540 437.59540    209.0 
437.96665 437.96665    550.0 
438.37545 438.37530     14.0 
439.46220 439.46199      3.0 
440.00964 440.00964    257.0 
440.09860 440.09860   8710.0 
441.29035 441.29032      3.0 
442.09118 442.09121     47.0 
442.60008 442.60008   1514.0 
443.01885 443.01886    661.0 
443.09959 443.09959    251.0 
446.05558 446.05571     35.0 
447.47591 447.47592    347.0 
448.18104 448.18104    646.0 
449.09813 449.09814     48.0 
451.07330 451.07330    100.0 
452.23230 452.23230     20.0 
453.05522 453.05521     63.0 
454.50516 454.50517   1738.0 
457.93493 457.93493    871.0 
458.78950 458.78909      3.0 
458.98976 458.98976  25704.0 
459.60970 459.60970     15.0 
459.87625 459.87626    182.0 
460.95669 460.95669   2291.0 
462.84410 462.84410      7.0 
463.72324 463.72324    148.0 
465.79009 465.79009   1445.0 
468.22759 468.22759     21.0 
470.23160 470.23160     15.0 
471.08230 471.08237     14.0 
472.68681 472.68681  23442.0 
473.20530 473.20530    200.0 
473.59055 473.59055   1000.0 
476.48644 476.48644   2344.0 
480.60202 480.60201   1820.0 
484.78095 484.78096    832.0 
487.98634 487.98634   2239.0 
488.90419 488.90419    288.0 
490.47514 490.47514    107.0 
493.32089 493.32089    251.0 
493.60830 493.60856      3.0 
496.50794 496.50794    891.0 
497.21599 497.21598    100.0 
500.93342 500.93342    355.0 
501.71626 501.71626   7413.0 
501.76337 501.76338     14.0 
506.20370 506.20370    398.0 
514.17826 514.17826    224.0 
514.53080 514.53081    162.0 
515.13910 515.13910      5.0 
516.22850 516.22850     15.0 
517.62290 517.62290     26.0 
518.77460 518.77460     20.0 
528.68866 528.68869     18.0 
549.58740 549.58730     25.0 
555.87020 555.87020     25.0 
557.25410 557.25410     10.0 
560.67330 560.67330     35.0 
564.24130 564.24283      2.0 
565.07040 565.07040     20.0 
572.43250 572.43252      5.0 
583.42630 583.42640      5.0 
586.03100 586.03100     10.0 
588.26240 588.26240     15.0 
588.85840 588.85840     25.0 
591.20850 591.20850     50.0 
603.21270 603.21270     70.0 
604.32230 604.32230     35.0 
605.93720 605.93720     20.0 
607.74310 607.74303      6.0 
610.35397 610.35391     26.0 
610.56350 610.56350     10.0 
611.49232 611.49232    537.0 
612.33609 612.33616     20.0 
613.86551 613.86554     28.0 
614.54410 614.54410     10.0 
617.01740 617.01740      7.0 
617.22775 617.22775    407.0 
617.30960 617.30960     10.0 
624.31199 624.31198     89.0 
638.47170 638.47170     20.0 
639.92085 639.92063     18.0 
641.63070 641.63070     70.0 
648.30825 648.30825    120.0 
650.02151 650.02152      5.0 
663.82202 663.82203    151.0 
663.97403 663.97402     93.0 
664.36973 664.36973    269.0 
666.63587 666.63588    117.0 
667.72820 667.72810    100.0 
668.42924 668.42925    204.0 
675.28340 675.28340    150.0 
675.65522 675.65524     32.0 
680.85312 680.85313     15.0 
686.12689 686.12688    112.0 
686.35347 686.35347     35.0 
687.12890 687.12890    150.0 
688.66118 688.66121     26.0 
693.76640 693.76640     50.0 
696.54310 696.54300  10000.0 
699.01220 699.01125      5.0 
703.02510 703.02510    150.0 
706.72180 706.72170  10000.0 
707.70240 707.70234      5.0 
714.70420 714.70410   1000.0 
720.69800 720.69800     70.0 
723.35341 723.35358     23.0 
727.29360 727.29350   2000.0 
735.83380 735.83442      2.0 
738.04229 738.04229     44.0 
738.39800 738.39800  10000.0 
750.38690 750.38680  20000.0 
751.46520 751.46510  15000.0 
758.93152 758.93149     72.0 
763.51060 763.51050  25000.0 
772.37610 772.37600  15000.0 
772.42070 772.42070  10000.0 
789.10750 789.10750     10.0 
794.81760 794.81760  20000.0 
800.61570 800.61560  20000.0 
801.47860 801.47850  25000.0 
801.75280 801.75279     19.0 
805.33080 805.33080      7.0 
810.36930 810.36920  20000.0 
811.53110 811.53110  35000.0 
826.45220 826.45210  10000.0 
840.82100 840.82090  15000.0 
842.46480 842.46470  20000.0 
852.14420 852.14410  15000.0 
860.57760 860.57760      7.0 
866.79440 866.79430   4500.0 
892.60740 892.60757      3.0 
912.29670 912.29670  35000.0 
919.46380 919.46380    550.0 
922.44990 922.44980  15000.0 
929.15310 929.15320    400.0 
935.42200 935.42180   1600.0 
965.77860 965.77860  25000.0 
978.45030 978.45020   4500.0 
